rowname,cc_ischia_10,B.cells,C1Q.TAM,CD4..cells,CD8.NK.cells,DCs,Endothelial.cells,FCN1.TAM,Hepatocytes,iCAF,myCAF,Normal.Epithelial.cells,Proliferative.T.cells,PVL,SPP1.TAM,Tumor.Epithelial.cells
IU PDA HM10 CC1,CC1,0.007004811,0.108915577,0.056599844,3.59E-05,0.018602949,0.036582827,0.00975774,0.088580536,0.017214116,0.481797567,3.59E-05,0.040149096,0.025332415,0.036899198,0.072491564
IU PDA HM10 CC2,CC2,0.005355663,0.080019712,0.005678845,0.001434261,0.010877272,0.010298647,0.008253624,0.066736029,0.00115874,0.107579272,2.41E-05,0.12085786,0.012162855,0.022516983,0.547046126
IU PDA HM10 CC3,CC3,0.001396744,0.046695979,0.00018457,2.24E-05,0.007182731,0.005865399,0.004332297,0.039549077,0.000706572,0.056806765,2.55E-05,0.110778316,0.007674082,0.013496792,0.705282744
IU PDA HM10 CC4,CC4,0.010244417,0.091914442,0.024123056,0.004913302,0.018449537,0.016479421,0.029374399,0.106146947,0.003556542,0.185302045,2.82E-05,0.090994413,0.021324175,0.043548719,0.353600428
IU PDA HM10 CC5,CC5,0.00978942,0.072166077,0.06075894,0.001988955,0.009479159,0.051559844,0.028101296,0.089906048,0.001549131,0.355469672,4.13E-05,0.066159402,0.032930864,0.037510352,0.182589584
IU PDA HM10 CC6,CC6,0.010124192,0.013292502,0.034601243,0.003644755,0.010460806,0.005367679,0.008136247,0.814359445,0.01636994,0.017223759,3.77E-06,0.009552988,0.005623094,0.009149432,0.042090146
IU PDA HM10 CC7,CC7,0.026086844,0.118340647,0.054888867,0.016488305,0.026676254,0.044000642,0.025663705,0.150026122,0.007489978,0.239220046,0.001541547,0.066011151,0.059001376,0.029406597,0.135157931
IU PDA HM10 CC8,CC8,0.042350356,0.058570664,0.0736025,0.010813415,0.022708069,0.013698824,0.017019962,0.417706415,0.027317534,0.097240119,0.000329148,0.031622723,0.014235348,0.023637126,0.149147799
IU PDA HM10 CC9,CC9,0.198587629,0.036778593,0.16674101,0.047619071,0.048337033,0.000264821,0.075821055,0.223413183,0.057770837,0.074354174,3.92E-05,0.014755426,3.92E-05,0.000465554,0.055013234
IU PDA HM11 CC1,CC1,0.03085147,0.093008176,0.02409937,0.00330152,0.04700669,0.010600952,0.015657494,0.031135764,0.051344485,0.513379091,1.49E-05,0.003804221,0.023219713,0.044661107,0.107915089
IU PDA HM11 CC2,CC2,0.015164941,0.054999699,0.00690124,0.001208012,0.020254309,0.005583669,0.00293343,0.045268764,0.01473724,0.196994881,0.000425634,0.006121693,0.011080283,0.03281609,0.585510125
IU PDA HM11 CC3,CC3,0.008066865,0.029975284,0.002211301,0.000467751,0.007674586,0.0027608,0.002087256,0.017490978,0.009448824,0.126341016,2.60E-05,0.004006475,0.005986178,0.012029317,0.771427325
IU PDA HM11 CC4,CC4,0.031623891,0.072142572,0.012070857,0.002343755,0.037674931,0.009546305,0.005894018,0.056408114,0.03321978,0.268005058,0.001583155,0.005301457,0.023299636,0.053054721,0.387831743
IU PDA HM11 CC5,CC5,0.038186288,0.09183636,0.015445215,0.00356868,0.038531285,0.010649115,0.007294417,0.027575757,0.034542369,0.406141941,1.67E-05,0.003093526,0.025276141,0.068031897,0.229810355
IU PDA HM11 CC6,CC6,0.012198566,0.031914133,0.014246231,0.005045624,0.022886304,0.006291582,0.008413253,0.721906098,0.053013446,0.037014481,4.11E-06,0.00270511,0.008669335,0.012649368,0.063042362
IU PDA HM11 CC7,CC7,0.047630753,0.138841862,0.024593406,0.006342685,0.056634902,0.021963162,0.011137855,0.060252384,0.114067957,0.24436255,0.003341095,0.007526397,0.041229831,0.060498705,0.16157646
IU PDA HM11 CC8,CC8,0.025681437,0.05633717,0.030906741,0.007782591,0.0550803,0.011096657,0.011063261,0.403798831,0.077276875,0.099696621,0.000818182,0.007824318,0.017354808,0.035467123,0.159815085
IU PDA HM11 CC9,CC9,0.016851534,0.030426569,0.27424521,0.038130938,0.139414945,0.004238629,0.01049762,0.185166165,0.090517562,0.050281289,2.57E-05,0.008537041,0.031016229,0.024905502,0.095745068
IU PDA HM12 CC2,CC2,0.014345914,0.060112242,0.016843321,0.002729752,0.004609019,0.005704649,0.011021153,0.028055817,0.001007516,0.199599161,0.000624771,0.003632758,0.010866685,0.026637508,0.614209734
IU PDA HM12 CC3,CC3,0.004530439,0.039393978,0.005690234,0.001077626,0.001470494,0.001821693,0.006298227,0.009933944,0.000105846,0.113544517,0.000289854,0.002325207,0.00225218,0.015219217,0.796046545
IU PDA HM12 CC4,CC4,0.023401267,0.066225774,0.025684752,0.002961993,0.008564988,0.016972539,0.013662841,0.03446708,0.002229273,0.271799977,0.00049385,0.005101389,0.040210798,0.027908644,0.460314845
IU PDA HM12 CC5,CC5,0.005135152,0.069293517,0.032090977,0.005598212,0.003149281,0.010951107,0.016019164,0.023800795,3.63E-05,0.438788995,3.20E-05,0.000667158,0.023371659,0.020448078,0.350617567
IU PDA HM12 CC6,CC6,0.003757238,0.059708912,0.020807768,0.009291039,0.002096283,0.011520481,0.004758936,0.732996332,0.016989842,0.02583355,4.89E-06,0.000680132,0.004046495,0.026807877,0.080700225
IU PDA HM12 CC7,CC7,0.071826155,0.199749631,0.051180085,0.005432709,0.022019518,0.0313393,0.002451324,0.050448108,0.029686784,0.153373617,0.010855719,0.004454508,0.135529726,0.038384045,0.193268778
IU PDA HM12 CC8,CC8,0.014766765,0.14974005,0.035971123,0.006968352,0.006894414,0.013375583,0.004272237,0.370000802,0.020670696,0.074997139,1.04E-05,0.003333014,0.006992662,0.057902745,0.234104019
IU PDA HM12 CC9,CC9,0.185358679,0.15578793,0.123049885,0.004899204,0.095910794,0.021921991,5.70E-05,0.004914114,0.094354865,0.063388819,5.70E-05,0.006647329,0.081013049,0.017413039,0.145226155
IU PDA HM13 CC1,CC1,0.038541362,0.124189231,0.022662225,0.00601347,0.038918292,0.006058567,0.012553598,0.124856039,0.015355478,0.507429756,2.64E-05,0.006465333,0.016687091,0.068238114,0.012005013
IU PDA HM13 CC4,CC4,0.042664242,0.15351643,0.029481639,0.009839795,0.014907034,0.003242466,0.007291246,0.069559778,0.014715932,0.293674941,2.86E-05,2.86E-05,0.003431349,0.007528448,0.350089572
IU PDA HM13 CC5,CC5,0.047203942,0.115103541,0.030733883,0.002831403,0.030930329,0.00348109,0.007114029,0.120871599,0.022518111,0.388655615,2.56E-05,0.003230702,0.010743025,0.039314578,0.177242596
IU PDA HM13 CC6,CC6,0.0277486,0.025524593,0.016295551,0.00379614,0.018196005,0.010383953,0.007445848,0.730684677,0.064220189,0.05472848,4.67E-06,0.003295902,0.018227365,0.008359585,0.011088445
IU PDA HM13 CC7,CC7,0.034338066,0.124372583,0.026995145,0.008971246,0.046778786,0.011284021,0.012741054,0.127314349,0.06390544,0.283228109,0.000299695,0.01080862,0.028948539,0.204605199,0.015409151
IU PDA HM13 CC8,CC8,0.044470737,0.046624577,0.037195691,0.009036281,0.046275477,0.018028438,0.013183476,0.407860819,0.103391488,0.155762246,1.92E-05,0.007521297,0.037643882,0.036384704,0.036601717
IU PDA HM13 CC9,CC9,0.225104082,7.05E-05,0.159365596,3.28E-05,0.100068231,3.28E-05,0.070873586,0.24150367,0.039858098,0.129380412,3.28E-05,3.28E-05,3.28E-05,3.28E-05,0.033578887
IU PDA HM2 CC1,CC1,0.045332587,0.103990856,0.148917761,5.91E-05,0.031875685,7.51E-05,5.91E-05,0.001917372,9.58E-05,0.468955226,5.91E-05,0.04431477,0.070108973,0.050573449,0.033665238
IU PDA HM2 CC2,CC2,0.002296641,0.026314434,0.061927668,0.002776908,0.00992353,0.00458322,0.02941236,0.002566741,0.00415621,0.168796806,5.69E-05,0.045865114,0.019323132,0.029378509,0.592621793
IU PDA HM2 CC3,CC3,0.000721231,0.014804057,0.021371655,0.001609161,0.00299042,0.002931972,0.013973244,0.001433937,0.001399375,0.091375594,3.75E-05,0.030171253,0.008120829,0.017471245,0.791588525
IU PDA HM2 CC4,CC4,0.006103301,0.04167046,0.092886161,0.005560604,0.018327869,0.007758656,0.033006365,0.003162431,0.003582084,0.24285297,6.48E-05,0.059030177,0.026564884,0.03884105,0.420588222
IU PDA HM2 CC5,CC5,0.031847229,0.056936099,0.123446057,0.001870773,0.030279391,0.011320056,0.017148418,0.00148752,0.004154517,0.371125364,6.12E-05,0.045476341,0.054763714,0.015898077,0.234185258
IU PDA HM2 CC7,CC7,0.041877421,0.141567734,0.119838109,0.011978543,0.031448385,0.039860758,0.002929928,8.88E-05,0.003216574,0.23352765,6.63E-05,0.035204543,0.176937637,0.002948634,0.158508923
IU PDA HM2 CC9,CC9,0.000175294,0.000175294,0.395374184,0.000175294,0.048367547,0.000175294,0.000175294,0.000175294,0.147704961,0.031928505,0.000175294,0.000175294,0.000175294,0.093317937,0.28172922
IU PDA HM2 2 CC2,CC2,0.001423079,0.023503574,0.01970776,0.000952297,0.004011561,0.003608209,0.017862296,0.205067678,0.012502757,0.082896086,3.16E-05,0.03709108,0.006122575,0.038534641,0.54668478
IU PDA HM2 2 CC3,CC3,0.000157707,0.025436884,0.016837124,0.000263552,0.001458268,0.002153338,0.007555721,0.13048297,0.005170137,0.0500395,2.92E-05,0.020615232,0.005645641,0.020293871,0.713860855
IU PDA HM2 2 CC4,CC4,0.002426279,0.019676234,0.042096095,0.002213259,0.01209912,0.006683519,0.009742638,0.225859382,0.010820324,0.161383067,4.89E-05,0.051860084,0.01771517,0.047490612,0.389885363
IU PDA HM2 2 CC6,CC6,0.001973002,0.020929938,0.026295313,0.002957351,0.005401722,0.009319299,0.005983146,0.836916354,0.030382494,0.010224737,3.34E-06,0.003442328,0.007717185,0.009278382,0.029175406
IU PDA HM2 2 CC8,CC8,0.00484476,0.023924899,0.041921496,0.001748,0.009871058,0.005693518,0.018804359,0.4376663,0.023491116,0.057323804,1.81E-05,0.022103175,0.012562669,0.027063702,0.312963011
IU PDA HM3 CC1,CC1,0.018026557,0.031131436,0.076657301,0.007289852,0.028729718,0.033374982,0.010286231,0.186743312,0.003508421,0.489812242,3.24E-05,0.013288251,0.0600913,0.002066559,0.038961439
IU PDA HM3 CC2,CC2,0.026315303,0.019427102,0.026785014,0.002792158,0.008762611,0.002794918,0.02037497,0.237882814,0.025594841,0.045852084,2.98E-05,0.022493432,0.016046735,0.007256433,0.53759179
IU PDA HM3 CC3,CC3,0.010796648,3.55E-05,0.013566224,5.33E-05,0.000109636,3.19E-05,3.98E-05,0.076547657,3.09E-05,0.018357402,2.76E-05,0.00920877,2.76E-05,0.06531072,0.805856525
IU PDA HM3 CC4,CC4,0.022069408,0.018138292,0.018713234,0.026529343,0.031793049,0.020332928,0.038925583,0.197268887,0.001722993,0.193041176,3.84E-05,3.84E-05,0.045634206,0.003093626,0.382660658
IU PDA HM3 CC5,CC5,0.01163659,0.019830534,0.073932019,3.94E-05,0.022487558,0.013250568,0.027330361,0.190212013,0.007021652,0.41970354,3.94E-05,0.026391689,0.055256905,0.000599058,0.132268616
IU PDA HM3 CC6,CC6,0.011065149,0.013670736,0.026084011,0.003528443,0.014800709,0.007624737,0.006837267,0.842514501,0.033050032,0.017554566,4.29E-06,0.002387025,0.008756244,0.002186298,0.009935993
IU PDA HM3 CC7,CC7,0.051616495,0.039039924,0.088801121,0.002909804,0.021057584,0.045506579,0.007477402,0.213520965,0.040865513,0.296805249,4.30E-05,0.011499257,0.117406254,0.002544733,0.060906181
IU PDA HM3 CC8,CC8,0.055434534,0.023877845,0.065368741,0.007336807,0.030050511,0.017981173,0.01507334,0.457162892,0.062628089,0.128767413,0.000864794,0.006815707,0.041440309,0.005621082,0.081576763
IU PDA HM3 CC9,CC9,0.147720007,0.030302134,0.246786264,0.005958751,0.067258863,0.030307759,5.12E-05,0.233371654,0.150213674,0.028462472,5.12E-05,5.12E-05,0.058805542,5.12E-05,0.000608094
IU PDA HM4 CC2,CC2,0.001329772,0.022370088,0.062850319,0.003312256,0.013470763,0.003893136,0.018417708,0.108004089,0.009710154,0.085901613,5.03E-05,0.038476484,0.020670882,0.035567313,0.575975169
IU PDA HM4 CC3,CC3,0.000588924,0.016395202,0.038604155,0.002358334,0.005120728,0.001892509,0.011272826,0.047708606,0.005045177,0.054076506,4.23E-05,0.022250612,0.011716802,0.017300472,0.765626877
IU PDA HM4 CC4,CC4,0.00163469,0.047216651,0.106071516,0.001756936,0.039587434,0.00495191,0.02075463,0.091984212,0.000511404,0.149239891,4.24E-05,0.058207178,0.039866305,0.065355717,0.372819122
IU PDA HM4 CC6,CC6,0.002430662,0.021887412,0.043088244,0.006314857,0.010927596,0.004756224,0.011072328,0.727043243,0.021787756,0.018862698,6.40E-06,0.010745254,0.007097915,0.018384059,0.09559535
IU PDA HM4 CC7,CC7,0.004406951,0.037094808,0.14805641,6.95E-05,0.029323433,0.005961992,0.026447075,0.1112022,0.024993371,0.153746497,6.22E-05,0.028232105,0.031536601,0.197217756,0.201649062
IU PDA HM4 CC8,CC8,0.002393678,0.025546314,0.054956485,0.003639328,0.022228533,0.004085073,0.022585892,0.446143921,0.020229497,0.04667478,2.00E-05,0.02369502,0.011246096,0.02844351,0.288111904
IU PDA HM4 CC9,CC9,0.041611499,0.063427477,0.297128056,0.013966007,0.02370419,0.000592816,0.040991319,0.120395195,0.046403368,0.093740072,3.82E-05,0.02103331,0.004879265,0.039340636,0.192748552
IU PDA HM5 CC2,CC2,0.00151463,0.028074492,0.005947249,0.000112859,0.000524816,0.006353337,0.002870883,0.170516518,0.002415572,0.094702844,2.18E-05,0.034616665,0.017446311,0.025255692,0.609626334
IU PDA HM5 CC3,CC3,0.000817819,0.019624168,0.000711363,5.31E-05,0.000121556,0.003207016,0.000906644,0.069055709,0.000303497,0.083310749,2.36E-05,0.031757139,0.008127007,0.016165164,0.765815435
IU PDA HM5 CC4,CC4,0.01697891,0.039686546,0.027189932,3.00E-05,3.00E-05,0.073683484,0.004057543,0.089679975,3.00E-05,0.144890158,3.00E-05,0.038975655,0.147295309,0.023018625,0.394424059
IU PDA HM5 CC5,CC5,0.014579837,0.025289084,0.083052472,2.35E-05,2.35E-05,2.35E-05,2.35E-05,0.252535419,0.011474954,0.33724804,2.35E-05,2.35E-05,2.83E-05,2.35E-05,0.27562724
IU PDA HM5 CC6,CC6,0.001777074,0.015258608,0.022333365,0.001974162,0.002867326,0.005113606,0.007399609,0.80096642,0.019409894,0.010956147,3.64E-06,0.00542484,0.005548444,0.00947365,0.091493213
IU PDA HM5 CC8,CC8,0.003773396,0.018841444,0.027362021,0.002067278,0.005168843,0.004956346,0.009549372,0.499990813,0.019584925,0.034616428,1.07E-05,0.016383621,0.009710749,0.021775853,0.326208163
IU PDA HM6 CC1,CC1,0.043280286,0.029555236,0.04464737,2.70E-05,0.013500158,0.00514843,0.045253584,0.099435759,0.024510791,0.56318132,2.70E-05,0.019287142,0.013349897,0.032439291,0.066356804
IU PDA HM6 CC2,CC2,0.01051744,0.013121331,0.046485081,0.003689022,0.011061711,0.005873472,0.021010381,0.075937334,0.010498221,0.15156664,4.83E-05,0.057353383,0.014872742,0.019411284,0.558553685
IU PDA HM6 CC3,CC3,0.005029129,0.005041344,0.016954526,7.98E-05,0.0041658,0.004640739,0.012891568,0.038210789,0.001487931,0.101246348,3.74E-05,0.04642599,0.007979179,0.007516286,0.748293271
IU PDA HM6 CC4,CC4,0.0165812,0.019144568,0.069944644,0.007630402,0.012608541,0.008717256,0.030533538,0.097891294,0.005563264,0.23815509,6.11E-05,0.055088188,0.016322061,0.031831768,0.389927102
IU PDA HM6 CC5,CC5,0.039046379,0.022775249,0.058492816,0.004371896,0.017207117,0.011888658,0.042717609,0.098859229,0.009049933,0.396920401,4.81E-05,0.030610007,0.015632966,0.030164303,0.222215361
IU PDA HM6 CC6,CC6,0.006469752,0.010685817,0.052484357,0.004058731,0.007291967,0.005278282,0.007146283,0.77103401,0.03232686,0.025486161,4.43E-06,0.01416488,0.006992554,0.011435859,0.045140073
IU PDA HM6 CC7,CC7,0.034059697,0.046902078,0.104108229,0.012067249,0.046490085,0.017910394,0.039492359,0.148542685,0.059841372,0.191278307,6.53E-05,0.054939549,0.032500384,0.054506835,0.157295439
IU PDA HM6 CC8,CC8,0.024206416,0.022168312,0.147619815,0.013389769,0.017530124,0.012169662,0.024025249,0.351624605,0.035702327,0.098983129,3.44E-05,0.035876506,0.018880004,0.022719371,0.175070352
IU PDA HM6 CC9,CC9,0.047966528,0.007814636,0.451029541,0.01335943,0.044663819,0.010416546,0.032914555,0.111409517,0.039073119,0.05919854,9.12E-05,0.033577732,0.023564639,0.01807371,0.106846459
IU PDA HM8 CC2,CC2,0.001235777,0.040340818,0.027060386,0.000671156,0.002347214,0.007578189,0.00320821,0.27060703,0.005404607,0.040426817,2.80E-05,0.013816034,0.00687157,0.014401209,0.566003055
IU PDA HM8 CC3,CC3,0.001014391,0.019889233,0.023248271,0.000382157,0.001848597,0.005191195,0.005376899,0.209628006,0.004189565,0.028758996,3.36E-05,0.005724187,0.003697567,0.004159963,0.686857369
IU PDA HM8 CC4,CC4,4.38E-05,0.141106073,0.109025874,4.38E-05,0.025171242,0.059053727,4.38E-05,0.164298224,4.38E-05,0.11003174,4.38E-05,0.026971115,4.38E-05,4.38E-05,0.364035376
IU PDA HM8 CC6,CC6,0.002044526,0.021411088,0.032698422,0.002907432,0.007067911,0.007749963,0.010666624,0.804891645,0.018369083,0.013535344,4.01E-05,0.004624885,0.006580656,0.017127539,0.05028477
IU PDA HM8 CC8,CC8,0.005008979,0.05714961,0.044617857,0.003728862,0.009536133,0.013000477,0.012355205,0.481469414,0.019501827,0.03884888,0.001194994,0.010164596,0.012023537,0.049795931,0.24160371
IU PDA HM9 CC1,CC1,0.027315798,0.097955854,0.010781515,0.003232941,0.035397563,0.003976783,0.026807519,0.073950196,0.031847692,0.495454847,2.30E-05,0.018349416,0.007317268,0.163251305,0.00433823
IU PDA HM9 CC10,CC10,0.056611817,0.044511808,0.026855639,5.17E-05,0.002105737,0.037517004,5.17E-05,0.028407893,0.236905925,5.17E-05,0.463893411,5.17E-05,0.010212697,5.17E-05,0.092719356
IU PDA HM9 CC4,CC4,0.030202517,9.28E-05,0.027237905,9.28E-05,0.01537565,0.005952281,0.131835158,0.059983785,0.03635136,0.138163834,9.28E-05,9.28E-05,0.009021223,0.182116266,0.363388774
IU PDA HM9 CC6,CC6,0.028118222,0.03653877,0.01594321,0.004828597,0.01524881,0.008766815,0.015345604,0.740781542,0.076266906,0.018019769,3.91E-06,0.003264805,0.014518604,0.017939596,0.004414844
IU PDA HM9 CC7,CC7,0.072312449,0.164676206,0.022017247,0.008908366,0.030755841,0.015803569,0.040627714,0.112507529,0.121716902,0.123666645,0.001101741,0.018035799,0.021930794,0.241416185,0.004523018
IU PDA HM9 CC8,CC8,0.106121186,0.075141421,0.031428501,0.00900806,0.025767837,0.014442823,0.021891754,0.366015778,0.163561338,0.039067475,1.50E-05,0.005554978,0.038464951,0.091600947,0.011917973
IU PDA HM9 CC9,CC9,0.220860593,0.093307164,0.16628727,0.028647773,0.047788119,0.033327619,0.021671206,0.0731333,0.205331792,0.016980063,4.29E-05,0.005429606,0.052631168,0.029591519,0.004969894
IU PDA LNM10 CC1,CC1,0.067393058,0.130587404,0.030158141,0.03040052,0.025804459,0.009892876,0.008323695,0.00016284,0.000972598,0.577188391,2.88E-05,0.020056847,0.008866196,0.004334524,0.085829608
IU PDA LNM10 CC2,CC2,0.013592162,0.060146815,0.004063407,0.004180384,0.003028727,0.009169126,0.002221937,0.00012159,0.000200199,0.16804011,2.05E-05,0.039918824,0.014079741,0.063326174,0.617890333
IU PDA LNM10 CC3,CC3,0.007425621,0.031793478,0.001389458,0.001682541,0.001460358,0.003547636,0.00188158,0.000101064,3.87E-05,0.097044468,2.28E-05,0.024423369,0.006064893,0.03058573,0.792538286
IU PDA LNM10 CC4,CC4,0.032795992,0.106969783,0.010134694,0.012734646,0.007107399,0.015804647,0.004612928,0.000144074,0.000100595,0.267797057,2.52E-05,0.048797102,0.017850909,0.056893314,0.418231632
IU PDA LNM10 CC5,CC5,0.083625695,0.135206248,0.019823166,0.026207457,0.016885872,0.017012777,0.007551866,0.000136702,0.000833556,0.40093906,3.19E-05,0.042585082,0.018676051,0.014914321,0.21557025
IU PDA LNM10 CC7,CC7,0.076067817,0.224655881,0.041429634,0.050791478,0.009264043,0.021266664,0.014358783,4.66E-05,0.000107333,0.267414618,3.03E-05,0.053028211,0.022872076,0.087535462,0.131131043
IU PDA LNM10 CC9,CC9,0.412667563,0.026636778,9.26E-05,3.63E-05,8.74E-05,0.00146391,3.63E-05,3.63E-05,3.63E-05,0.078504488,3.63E-05,0.25519472,0.00788298,3.63E-05,0.217251706
IU PDA LNM12 CC2,CC2,0.108448894,0.026232434,0.119001154,0.008656424,0.061584028,0.01384343,0.006724739,7.42E-05,0.01062138,0.076452229,2.48E-05,0.024450459,0.028709402,0.00493383,0.510242572
IU PDA LNM12 CC3,CC3,0.073988006,0.023520642,0.068206663,0.009113267,0.05015329,0.003900944,0.003457661,0.00010607,0.002970208,0.053026033,1.72E-05,0.01081815,0.019644171,1.72E-05,0.681060577
IU PDA LNM12 CC4,CC4,0.18666177,0.040968916,0.086159257,0.018089009,0.052810499,0.016537274,0.003442166,6.55E-05,0.006469175,0.216711081,2.98E-05,0.014698726,0.034961872,0.002690506,0.31970449
IU PDA LNM12 CC5,CC5,0.197720402,0.049972375,0.105064476,0.01557508,0.064531438,0.016572296,0.001597963,0.000697023,7.73E-05,0.323105286,2.71E-05,0.025826624,0.028532058,0.000778412,0.169922271
IU PDA LNM12 CC7,CC7,0.116544731,0.064197558,0.115064117,0.024942101,0.068336917,0.036763224,0.051860303,0.001148404,0.21598716,0.081741972,5.09E-05,0.025154284,0.124166095,0.009871469,0.064170751
IU PDA LNM12 CC9,CC9,0.238508696,0.029136096,0.291208904,0.023933861,0.080069858,0.01774248,0.013458166,0.000409092,0.046689236,0.076699507,3.17E-05,0.017154931,0.045355007,0.010295763,0.109306669
IU PDA LNM6 CC1,CC1,0.097162389,0.016242352,0.035948918,0.003465929,0.004250116,0.01022069,0.032768386,2.93E-05,0.022211562,0.547464042,2.93E-05,0.034542339,0.050373751,0.007913851,0.13737709
IU PDA LNM6 CC2,CC2,0.047404794,0.009699608,0.010123419,0.000299452,0.013338531,0.004468596,0.005111042,5.86E-05,0.001145035,0.183157482,2.82E-05,0.068360067,0.021139258,0.015468088,0.620197829
IU PDA LNM6 CC3,CC3,0.02304867,0.006159133,0.003347618,0.000228609,0.003997057,0.002869873,0.002954394,3.12E-05,0.000190361,0.118809015,3.30E-05,0.046087019,0.013209352,0.008148738,0.770885866
IU PDA LNM6 CC4,CC4,0.107958872,0.017207243,0.03069976,0.002261513,0.035617221,0.008123667,0.014736603,0.000164176,0.006447692,0.228671677,3.53E-05,0.096212802,0.035412535,0.012529026,0.403921957
IU PDA LNM6 CC5,CC5,0.080124645,0.021788117,0.015754596,0.001132818,0.020404818,0.011669124,0.016046134,6.30E-05,0.00384403,0.431510893,3.38E-05,0.070507484,0.045487926,0.013290002,0.268342606
IU PDA LNM6 CC7,CC7,0.179867894,0.038875453,0.040175873,0.0153808,0.042359906,0.020703963,0.062718743,0.000100104,0.101783683,0.205985278,3.71E-05,0.077116127,0.069926006,0.01305802,0.131911093
IU PDA LNM6 CC9,CC9,0.307163239,0.016294941,0.17454723,0.009948639,0.093798629,0.007756435,0.027001802,0.000120761,0.044362899,0.047400574,3.20E-05,0.108832552,0.039210091,0.009257377,0.114272818
IU PDA LNM7 CC1,CC1,0.040989337,0.006117332,0.077625953,0.001677846,0.074367373,0.009694794,3.77E-05,0.000108694,0.0452274,0.460593688,3.77E-05,0.0430803,0.225058294,3.77E-05,0.015345811
IU PDA LNM7 CC2,CC2,0.088012731,0.007452929,0.096725132,0.002964182,0.082117197,0.006285473,0.001327918,6.62E-05,0.02032927,0.083326167,2.88E-05,0.041465057,0.021314816,0.009392294,0.53919187
IU PDA LNM7 CC3,CC3,0.05052328,0.007477042,0.05496528,0.001683937,0.046874957,0.004286048,0.000705194,2.04E-05,0.013012555,0.027505889,2.04E-05,0.018758447,0.011569631,0.002098137,0.760498724
IU PDA LNM7 CC4,CC4,0.097581042,0.013773545,0.111704202,0.008949717,0.110302737,0.010549913,0.007101392,5.85E-05,0.021792461,0.180598942,3.70E-05,0.039253276,0.034868226,0.021960062,0.341468945
IU PDA LNM7 CC5,CC5,0.094421398,0.021643386,0.080184099,0.006750768,0.108016109,0.008446226,0.014126202,0.000317775,0.03030393,0.350410201,4.08E-05,0.052770866,0.032059311,0.013664274,0.186844666
IU PDA LNM7 CC7,CC7,0.099629833,0.028873194,0.102701382,0.012256083,0.1091815,0.025334732,0.03143642,0.000878957,0.196737007,0.171558695,4.91E-05,0.03940071,0.093826028,0.011059589,0.077076746
IU PDA LNM7 CC9,CC9,0.248888502,0.014458292,0.321778822,0.015143431,0.160630705,0.016182963,0.006776582,0.000157367,0.057396282,0.025063861,4.00E-05,0.054877703,0.042676178,0.005908712,0.030020582
IU PDA LNM8 CC2,CC2,0.138694759,0.042231136,0.012434433,0.002020619,0.018218837,0.009001682,0.010754513,0.000929081,0.010888203,0.06936196,2.90E-05,0.056443258,0.018206287,0.042272552,0.568513669
IU PDA LNM8 CC3,CC3,0.076356641,0.019939719,0.001908611,0.000263667,0.004712813,0.003851303,0.004719728,0.00129934,0.006583682,0.036653673,2.53E-05,0.053567008,0.007330025,0.019791459,0.762997019
IU PDA LNM8 CC4,CC4,0.171252272,0.069499083,0.020993856,0.003098186,0.045889491,0.016035757,0.017367917,0.000160306,0.013447232,0.155785536,3.79E-05,0.04961354,0.030963638,0.041322493,0.364532785
IU PDA LNM8 CC5,CC5,0.115154804,0.034635703,0.028478635,0.00091198,0.058110678,0.013030419,0.01126268,5.52E-05,0.00688062,0.387480656,2.70E-05,0.026544342,0.020701768,0.022655157,0.274070395
IU PDA LNM8 CC7,CC7,0.176063965,0.112451145,0.036214414,0.014963991,0.054718279,0.024526017,0.028660821,0.000117991,0.060652578,0.130036171,2.84E-05,0.036543864,0.037243458,0.09229228,0.195486645
IU PDA LNM8 CC9,CC9,0.452434604,0.050591085,0.103167054,0.026270921,0.059798147,0.019411386,0.025442255,0.000527587,0.045600673,0.018768772,0.000160427,0.055778353,0.035873713,0.015637391,0.090537632
IU PDA NP10 CC10,CC10,0.001973639,0.011938805,0.058326751,0.007730243,0.002373181,0.048832652,0.00236253,0.013263366,0.02215048,0.001191523,0.761423815,0.003840919,0.019223422,0.001173274,0.044195401
IU PDA NP10 CC2,CC2,0.005967664,0.003610219,0.009388217,0.003236512,0.001750553,0.027425201,0.015347911,0.004542268,0.057738598,0.006580074,0.356342643,0.000694843,0.028043325,0.000301715,0.479030277
IU PDA NP10 CC3,CC3,0.002797806,0.001021392,0.002344438,0.001358741,0.000197817,0.02066317,0.006809733,0.000805644,0.011866775,0.000485726,0.170773958,0.000948557,0.007028618,0.000295295,0.772602399
IU PDA NP10 CC4,CC4,0.000134985,0.000134985,0.000134985,0.000134985,0.000134985,0.15927833,0.000134985,0.005721418,0.113604761,0.000134985,0.357536023,0.000134985,0.062173991,0.000134985,0.30047061
IU PDA NP10 CC7,CC7,0.007827859,0.010874831,0.090482059,0.014365107,0.007148576,0.089595948,0.022296348,0.011672654,0.134966737,0.002507467,0.317402698,0.0076483,0.173087428,0.014193164,0.095930825
IU PDA NP11 CC10,CC10,0.000900824,0.013983052,0.013152672,0.004845904,0.004509722,0.026653559,0.004511502,0.009495176,0.064976135,0.000644701,0.810457899,0.004898564,0.008644284,0.001031949,0.031294057
IU PDA NP11 CC2,CC2,7.64E-05,0.0204922,0.005030094,0.001133187,0.016998909,0.013579491,7.64E-05,0.000854953,0.039142712,7.64E-05,0.374701753,7.64E-05,0.005971209,7.64E-05,0.521713342
IU PDA NP11 CC3,CC3,5.12E-05,0.007040921,5.12E-05,0.001446608,0.014616372,0.003368745,0.001782181,0.001424088,0.001360844,5.12E-05,0.295742129,5.12E-05,0.000469201,5.12E-05,0.67249269
IU PDA NP11 CC4,CC4,0.000123295,0.045470899,0.000123295,0.017628983,0.000123295,0.034545623,0.000123295,0.000123295,0.186029695,0.012036214,0.348973851,0.000123295,0.03541961,0.000123295,0.319032061
IU PDA NP11 CC7,CC7,0.004010382,0.056556461,0.024164473,0.017291103,0.024864158,0.05321458,0.011928525,0.006647209,0.331972536,0.000212542,0.377607212,0.000212542,0.015265847,0.000212542,0.075839888
IU PDA NP2 CC10,CC10,0.001447356,0.013726625,0.009005389,0.004863769,0.002043561,0.009869356,0.004931382,0.016362755,0.033895568,0.000745123,0.87585715,0.005884103,0.004612814,0.00145695,0.0152981
IU PDA NP2 CC2,CC2,0.000174038,0.022334169,0.015565503,0.007388384,0.000174038,0.026019047,0.000174038,0.027049466,0.021842304,0.003016741,0.358771688,0.059227846,0.000174038,0.03660421,0.421484495
IU PDA NP2 CC3,CC3,7.35E-05,0.012659075,7.35E-05,7.35E-05,7.35E-05,0.010062121,7.35E-05,0.002847425,0.003585036,0.018801813,0.205283118,0.025912519,7.35E-05,7.35E-05,0.720334615
IU PDA NP2 CC4,CC4,0.000190329,0.000190329,0.000190329,0.000190329,0.000190329,0.053029782,0.000190329,0.007903459,0.021341029,0.04265428,0.284411138,0.084697884,0.025352888,0.121592368,0.357875201
IU PDA T1 CC1,CC1,0.035755807,0.050904279,0.029381487,0.004785876,0.041919938,0.006830075,0.01886964,0.001078108,0.049709886,0.663090761,2.18E-05,0.005040377,0.009757818,0.026192362,0.056661819
IU PDA T1 CC2,CC2,0.013065855,0.026734895,0.013835864,0.002406045,0.047912186,0.005553073,0.005641517,0.000361291,0.033835667,0.227751465,2.65E-05,0.001625083,0.008816652,0.005482042,0.606951795
IU PDA T1 CC3,CC3,0.012831143,0.013440915,0.012593024,0.004362798,0.052977234,0.002965482,0.001327156,0.000170831,0.048946439,0.090065959,2.43E-05,0.001733769,0.004870944,2.50E-05,0.753664983
IU PDA T1 CC4,CC4,0.013884018,0.03448069,0.017549164,0.002170189,0.056776237,0.006946883,0.005053174,0.001457303,0.032134515,0.345649488,3.03E-05,0.004947554,0.008465622,0.015842504,0.454612325
IU PDA T1 CC5,CC5,0.028587923,0.053114874,0.028172851,0.003847376,0.047554255,0.006210989,0.009134788,0.001219502,0.037939843,0.492427381,2.90E-05,0.004327913,0.009507029,0.021035517,0.256890706
IU PDA T1 CC7,CC7,0.083022633,0.058732395,0.045574904,0.00635899,0.048346327,0.013449776,0.019602736,0.000865503,0.222524578,0.325754733,3.61E-05,0.007996624,0.075600445,0.040297303,0.051836922
IU PDA T1 CC9,CC9,0.416847111,0.039696924,0.059213991,4.88E-05,0.054929521,0.006052955,4.88E-05,4.88E-05,0.085728718,0.31881279,4.88E-05,4.88E-05,0.011042732,4.88E-05,0.007382573
IU PDA T10 CC1,CC1,0.048972096,0.049319307,0.036540957,0.011299909,0.046554532,0.010318818,0.026879004,0.000987422,0.013020148,0.577101396,2.77E-05,0.017294062,0.012289392,0.034873646,0.114521614
IU PDA T10 CC2,CC2,0.063836194,0.053332823,0.023790591,0.012126862,0.033911731,0.008826515,0.014599852,0.000717227,0.02257396,0.122656233,2.18E-05,0.026999357,0.017088737,0.029566159,0.569951986
IU PDA T10 CC3,CC3,0.032619104,0.027354906,0.009349915,0.007895763,0.022945577,0.004724967,0.006962507,0.000359986,0.012285878,0.061505745,1.81E-05,0.022401968,0.006824611,0.010792219,0.773958779
IU PDA T10 CC4,CC4,0.07500577,0.06264632,0.03469276,0.015114864,0.046706352,0.010598519,0.020144132,0.001098495,0.02332766,0.243980784,5.41E-05,0.030470148,0.019047536,0.03915502,0.377957503
IU PDA T10 CC5,CC5,0.060730315,0.060311912,0.03595206,0.012546798,0.05185936,0.009853568,0.024691789,0.000760066,0.008885058,0.43113295,3.29E-05,0.023038502,0.012699436,0.027083891,0.240421429
IU PDA T10 CC7,CC7,0.112663107,0.093428034,0.058470293,0.023213204,0.051324648,0.027925656,0.022552433,0.001089235,0.092199079,0.210141003,0.000390108,0.035525834,0.049771556,0.045618918,0.175686897
IU PDA T10 CC9,CC9,0.264096879,0.040288614,0.118767841,0.017345894,0.048414119,0.014284209,0.021197575,0.0009331,0.08541156,0.109176502,4.61E-05,0.023611758,0.041021788,0.018157733,0.197246354
IU PDA T11 CC1,CC1,0.002805246,0.028158502,0.009780701,0.002128142,0.016764279,0.009850188,0.017596292,0.000946848,0.000875707,0.723620108,3.93E-05,0.010792118,0.024744678,0.034901614,0.116996283
IU PDA T11 CC2,CC2,0.000338969,0.016270825,0.002090459,0.000418433,0.003242471,0.005715937,0.004509235,0.00028582,6.47E-05,0.287542772,2.75E-05,0.012431421,0.005392173,0.015752456,0.645916765
IU PDA T11 CC3,CC3,0.000361216,0.009182074,0.002085734,0.000156339,0.002335524,0.002743681,0.001657429,0.000289411,0.000230209,0.158621594,2.71E-05,0.009535129,0.002281453,0.005336462,0.805156666
IU PDA T11 CC4,CC4,0.001238394,0.023554863,0.003538818,0.000534431,0.008782129,0.007119167,0.006600547,0.000211643,0.000277576,0.400331035,3.21E-05,0.012726793,0.010403436,0.026283138,0.498365953
IU PDA T11 CC5,CC5,0.003382338,0.025684063,0.009707986,0.000983582,0.014912386,0.011374129,0.011977983,0.000494672,0.000646679,0.526111619,3.77E-05,0.014325218,0.025433639,0.02123696,0.333691026
IU PDA T11 CC7,CC7,3.81E-05,0.088386635,0.014034332,0.004052732,0.03222973,0.024856128,0.028331041,0.000201086,3.45E-05,0.340916394,3.41E-05,0.037343332,0.232243177,0.093229493,0.104069301
IU PDA T12 CC1,CC1,0.046731297,0.103287496,0.008374232,0.001946139,0.036080611,0.015711881,0.006712317,0.000622294,0.020364974,0.628028347,0.000106335,0.006981917,0.009835816,0.014848177,0.100368166
IU PDA T12 CC2,CC2,0.021736401,0.050276798,0.000883429,0.000524815,0.00925091,0.00329176,0.004894134,0.00050824,0.002344913,0.245482805,0.002494586,0.00183997,0.001930893,0.016283586,0.638256761
IU PDA T12 CC3,CC3,0.017420408,0.031360555,0.00052588,0.000206054,0.004744772,0.001745943,0.002500322,0.000507968,0.00195846,0.145257647,0.002250042,0.000931499,0.000646215,0.00818841,0.781755847
IU PDA T12 CC4,CC4,0.021976504,0.066880568,0.00152447,0.000869809,0.017688823,0.00421655,0.009318781,0.000422814,0.002355836,0.363185902,0.001217361,0.002763163,0.001968856,0.0275867,0.478023859
IU PDA T12 CC5,CC5,0.036143959,0.092091343,0.004804926,0.001512802,0.030196255,0.010015486,0.009881723,0.000663094,0.006232247,0.503523816,0.000307973,0.004586243,0.007250684,0.024118346,0.268671104
IU PDA T12 CC7,CC7,0.065161336,0.129630565,0.028325172,0.008290279,0.038620114,0.049088937,0.004964581,0.000776632,0.193538089,0.312956411,0.008814399,0.010194316,0.081224011,0.02875252,0.039662642
IU PDA T12 CC9,CC9,0.049748325,0.218111835,0.268824287,0.045266036,0.099613239,0.001276672,5.31E-05,5.31E-05,0.183088927,0.05151724,5.31E-05,0.058813524,0.023474457,5.31E-05,5.31E-05
IU PDA T2 CC1,CC1,0.077200627,0.051043949,0.010178745,0.003475665,0.027208302,0.006552275,0.007529823,0.000903518,0.036047731,0.572907086,2.93E-05,0.023976607,0.010665635,0.039500506,0.13278021
IU PDA T2 CC10,CC10,0.018807908,0.017643242,0.000124659,0.000124659,0.000124659,0.033637887,0.000124659,0.010187462,0.049681263,0.118478478,0.468390428,0.026677463,0.000124659,0.046676722,0.209195853
IU PDA T2 CC2,CC2,0.019911056,0.012959508,0.010645288,0.001190649,0.00512497,0.001770488,0.005298374,0.002268908,0.002766598,0.244292707,3.49E-05,0.023591866,0.003216592,0.052280347,0.614647789
IU PDA T2 CC3,CC3,0.009283847,0.00732328,0.006299148,0.000606828,0.00341221,0.000675368,0.005678752,0.001319235,0.000861542,0.133255583,2.58E-05,0.015293515,0.000893011,0.02476103,0.790310866
IU PDA T2 CC4,CC4,0.027336073,0.013048801,0.010630024,0.001001953,0.009310346,0.002261175,0.007853895,0.002195395,0.002329468,0.360067754,0.000407878,0.024519299,0.003688307,0.06884832,0.46650131
IU PDA T2 CC5,CC5,0.039729666,0.026154339,0.012874875,0.00137586,0.01836107,0.004666424,0.008608859,0.001746243,0.008583154,0.467872056,5.62E-05,0.023863209,0.0058088,0.055192935,0.325106269
IU PDA T2 CC7,CC7,0.103110531,0.058785436,0.054767803,0.010292136,0.063665066,0.016394272,0.019132888,0.002134513,0.200749103,0.273794811,0.00073672,0.025599059,0.028350704,0.03596047,0.106526495
IU PDA T2 CC9,CC9,0.194051887,0.027656523,0.183232587,0.008750023,0.116367048,0.016285849,0.011925206,0.001545622,0.184784115,0.116817472,6.71E-05,0.020987646,0.026860085,0.005873278,0.084795545
IU PDA T3 CC1,CC1,0.10171982,0.02448663,0.026969484,0.001673256,0.091194772,0.00443651,0.038491625,0.000120058,0.018382384,0.576260831,2.72E-05,0.018419931,0.007115393,0.016739873,0.073962191
IU PDA T3 CC2,CC2,0.026594669,0.006380157,0.003654031,0.000215747,0.013364783,0.0010424,0.016305964,0.000146019,0.005462265,0.209288206,2.80E-05,0.035498079,0.003695881,0.058641714,0.61968209
IU PDA T3 CC3,CC3,0.016020132,0.001900349,0.001858454,0.000239819,0.00521974,0.00077788,0.007794771,0.000252927,0.000976075,0.120854014,2.38E-05,0.024542971,0.000581863,0.036254261,0.782703004
IU PDA T3 CC4,CC4,0.042724157,0.013893103,0.005986253,0.00035325,0.03713839,0.00198006,0.027282729,0.000106029,0.001190206,0.342075903,3.25E-05,0.03130679,0.001943733,0.061720037,0.432266826
IU PDA T3 CC5,CC5,0.063369595,0.021003127,0.013034829,0.00071588,0.057348455,0.002903746,0.030334662,0.000134799,0.002861965,0.475559866,3.18E-05,0.027914688,0.004025163,0.041301136,0.259460341
IU PDA T3 CC7,CC7,0.119939311,0.067257923,0.056793246,0.006446885,0.056898076,0.032023607,0.043585311,0.000740596,0.27747833,0.169127543,4.06E-05,0.019164917,0.079120654,0.016208062,0.055174892
IU PDA T3 CC9,CC9,0.232339945,0.022711886,0.220177634,0.013514648,0.117914999,0.026844404,0.0307465,0.000686459,0.128028429,0.089874244,5.72E-05,0.025704352,0.078416191,0.00562089,0.007362174
IU PDA T4 CC1,CC1,0.001734152,0.012455169,0.019283168,0.002406365,0.032272009,0.004412232,0.015675222,0.000373151,0.00096689,0.662177301,3.50E-05,0.020300978,0.007776192,0.079277979,0.140854236
IU PDA T4 CC2,CC2,0.003720698,0.004749797,0.011217996,0.000883916,0.015929026,0.001144288,0.018860475,0.000574366,0.000289491,0.231547629,3.74E-05,0.043117395,0.010995495,0.055588207,0.601343774
IU PDA T4 CC3,CC3,0.000612816,0.002294217,0.001412118,0.00034547,0.001896693,0.000444851,0.006758207,0.000154726,0.000463324,0.134837759,3.62E-05,0.033197832,0.005131238,0.035328821,0.77708574
IU PDA T4 CC4,CC4,0.003464912,0.006869232,0.023238882,0.000987118,0.029759475,0.002257631,0.024831654,0.000678796,0.000770835,0.321554448,4.37E-05,0.047110799,0.016418017,0.0620773,0.459937191
IU PDA T4 CC5,CC5,0.002650304,0.014580085,0.030619183,0.001974978,0.040493623,0.008475577,0.026024817,0.000621091,0.00088552,0.450097459,4.18E-05,0.036113582,0.040380016,0.070374696,0.276667307
IU PDA T4 CC7,CC7,0.000243417,0.037915782,0.026868334,0.001282915,0.035705379,0.029202995,0.018416845,0.000509404,0.002233639,0.233601911,3.48E-05,0.030859396,0.179100029,0.285787661,0.118237533
IU PDA T6 CC1,CC1,0.000156673,0.025457819,0.003821996,0.000342978,0.001565089,0.012733082,0.015929052,0.000585854,0.001363429,0.703402682,3.17E-05,0.021625131,0.00795991,0.043809752,0.161214898
IU PDA T6 CC2,CC2,0.00059757,0.004023148,0.0011158,0.000268581,0.000881165,0.002247037,0.003375444,0.001037481,0.000220753,0.268224346,0.001638694,0.024791843,0.003182972,0.021452885,0.666942284
IU PDA T6 CC3,CC3,0.000174469,0.003245478,0.000309845,3.22E-05,0.000202361,0.002023776,0.001258838,0.000760678,0.000178926,0.201021957,0.000273427,0.019559859,0.002591064,0.015058632,0.753308465
IU PDA T6 CC4,CC4,0.000289844,0.003547454,0.004792007,0.000864339,0.002027514,0.002241375,0.018300457,0.00146083,0.001267969,0.382738624,0.002941171,0.023864133,0.003943881,0.043792718,0.507927677
IU PDA T6 CC5,CC5,0.000119948,0.012834973,0.004072598,0.00061307,0.001746416,0.005764919,0.021129705,0.000890944,0.000716304,0.524860065,3.92E-05,0.023667017,0.006735015,0.069956067,0.326853724
IU PDA T6 CC7,CC7,8.74E-05,0.173562951,0.022632578,8.74E-05,8.74E-05,0.036800513,8.74E-05,0.002801742,0.052497334,0.098769881,0.291285535,0.022306958,0.036872768,0.002779859,0.259340186
IU PDA T8 CC1,CC1,0.053764861,0.044020109,0.020900613,0.00416325,0.007047821,0.012363403,0.034661355,0.005836834,0.013061703,0.586571981,2.91E-05,0.005142923,0.010209214,0.057831304,0.144395529
IU PDA T8 CC2,CC2,0.058663229,0.020378829,0.004911481,0.000638115,0.006031072,0.004126623,0.012148679,0.004267792,0.017163523,0.150129058,2.72E-05,0.031892961,0.007138195,0.08885808,0.593625134
IU PDA T8 CC3,CC3,0.033994263,0.010627377,0.001433513,0.000282504,0.001752039,0.001667207,0.00529648,0.001926148,0.008440125,0.070363664,5.91E-05,0.031199416,0.002617749,0.035848886,0.794491541
IU PDA T8 CC4,CC4,0.07911795,0.043084259,0.009773551,0.001676491,0.011064966,0.008338555,0.018237051,0.004897548,0.019106978,0.270473568,3.38E-05,0.027378783,0.011953824,0.084536413,0.41032624
IU PDA T8 CC5,CC5,0.052781415,0.047675175,0.013564996,0.002341398,0.014906383,0.010098054,0.025042879,0.004965402,0.012837256,0.427963932,3.60E-05,0.021849529,0.014809806,0.082634063,0.268493676
IU PDA T8 CC7,CC7,0.147222343,0.060265364,0.019187641,0.005701301,0.022397734,0.019832625,0.025538763,0.007898269,0.099881229,0.194411061,4.69E-05,0.027887117,0.028848312,0.129890697,0.210990641
IU PDA T8 CC9,CC9,0.375575369,0.03640428,0.028441584,8.50E-05,0.011523261,0.004792782,0.013831732,0.00437561,0.10512351,0.117429793,5.37E-05,0.013656775,0.007541267,0.031852206,0.24931307
IU PDA T9 CC1,CC1,0.001630978,0.030466425,0.039059494,0.007502856,0.03622689,0.015661439,0.029848251,0.000375713,0.068166846,0.624284194,2.16E-05,0.022355355,0.011940723,0.007466228,0.104993011
IU PDA T9 CC2,CC2,0.001031629,0.005067919,0.009477204,0.001294644,0.003505424,0.002695143,0.011734599,0.001765126,0.005901385,0.281177721,4.62E-05,0.04263221,0.000622012,0.010482297,0.622566365
IU PDA T9 CC3,CC3,2.46E-05,0.002827788,0.000793498,2.46E-05,0.005734733,2.51E-05,0.00847303,2.46E-05,0.005356866,0.169741909,5.01E-05,0.029602805,2.75E-05,2.46E-05,0.777268442
IU PDA T9 CC4,CC4,0.001106548,0.014052068,0.013425791,0.001265096,0.014143555,0.004621667,0.012536754,0.000430148,0.007610583,0.382896412,0.009327399,0.054791286,0.002703165,0.020256609,0.460832949
IU PDA T9 CC5,CC5,0.002725837,0.020308928,0.027685656,0.002204573,0.031799424,0.011212561,0.026078396,0.000190352,0.020575248,0.542205661,2.82E-05,0.034210892,0.016047337,0.011172925,0.253553998
IU PDA T9 CC7,CC7,0.006627322,0.04807932,0.052506957,0.01123013,0.04143462,0.041288031,0.039034579,0.000624513,0.287248799,0.331684259,3.51E-05,0.015572572,0.097383969,0.003220486,0.024029396
IU PDA T9 CC9,CC9,0.05680466,0.028562833,0.310907724,0.020803637,0.18318027,0.044963279,0.025276683,9.67E-05,0.104604447,0.113027388,5.49E-05,0.033892418,0.074819353,5.49E-05,0.002951023